kinematics:
  shoulder:
    x: 0
    y: 0
    z: 0.1521554022794462
    roll: -0
    pitch: 0
    yaw: -2.316987907742194e-07
  upper_arm:
    x: -9.347225671765141e-05
    y: 0
    z: 0
    roll: 1.570979798499143
    pitch: 0
    yaw: -1.339653076569226e-06
  forearm:
    x: -0.2438208605027236
    y: 0
    z: 0
    roll: 3.14054112340181
    pitch: -3.141562791814521
    yaw: 3.141587979714585
  wrist_1:
    x: -0.2132735639777904
    y: -0.0002780785291180103
    z: 0.1311653395845674
    roll: 0.002120057885544783
    pitch: 0.002048738558451291
    yaw: -3.354447023705182e-06
  wrist_2:
    x: 0.0002001610616386698
    y: -0.08549870981722393
    z: -4.515959126500443e-05
    roll: 1.571324517070071
    pitch: 0
    yaw: -2.134063304112809e-06
  wrist_3:
    x: -8.866043139850331e-05
    y: 0.0927285279556547
    z: -0.0002862736462129576
    roll: 1.56770911358184
    pitch: 3.141592653589793
    yaw: 3.141592488518566
  hash: calib_983695066749434764